
clocktime = [0:1:76]';
dirx = [-1	-1	-1	-0.96968	-0.96968	-0.96968	-0.65422	-0.65422	-0.65422	-0.65422	-0.65422	-0.65422	-0.65422	-0.65422	-0.65422	-0.81853	-0.81853	-0.81853	-0.81853	-0.94725	-0.94725	-0.94725	-0.94725	-0.94725	-0.78636	-0.78636	-0.78636	-0.78636	-0.78636	-0.7793	-0.7793	-0.7793	-0.7793	-0.7793	-0.7793	-0.7793	-0.7793	-0.94303	-0.94303	-0.94303	-0.94303	-0.94303	-0.94303	-0.57385	-0.57385	-0.57385	-0.57385	-0.57385	-0.57385	-0.57385	-0.57385	-0.57385	-0.57385	-0.57385	-0.52083	-0.52083	-0.52083	-0.52083	-0.52083	-0.52083	-0.52083	-0.78307	-0.78307	-0.78307	-0.78307	-0.78307	-0.78307	-0.78307	-0.78307	-0.78307	-0.78307	-0.78307	-0.78307	-1	-1	-1	-1]';
diry = [0	0	0	0.24361	0.24361	0.24361	-0.75627	-0.75627	-0.75627	-0.75627	-0.75627	-0.75627	-0.75627	-0.75627	-0.75627	-0.56353	-0.56353	-0.56353	-0.56353	0.31978	0.31978	0.31978	0.31978	0.31978	-0.60807	-0.60807	-0.60807	-0.60807	-0.60807	0.62501	0.62501	0.62501	0.62501	0.62501	0.62501	0.62501	0.62501	0.33047	0.33047	0.33047	0.33047	0.33047	0.33047	-0.79954	-0.79954	-0.79954	-0.79954	-0.79954	-0.79954	-0.79954	-0.79954	-0.79954	-0.79954	-0.79954	-0.83185	-0.83185	-0.83185	-0.83185	-0.83185	-0.83185	-0.83185	-0.57373	-0.57373	-0.57373	-0.57373	-0.57373	-0.57373	-0.57373	-0.57373	-0.57373	-0.57373	-0.57373	-0.57373	0	0	0	0]';
dirz = [0	0	0	-0.019329	-0.019329	-0.019329	-0.0070146	-0.0070146	-0.0070146	-0.0070146	-0.0070146	-0.0070146	-0.0070146	-0.0070146	-0.0070146	-0.11156	-0.11156	-0.11156	-0.11156	0.021452	0.021452	0.021452	0.021452	0.021452	0.10901	0.10901	0.10901	0.10901	0.10901	-0.045277	-0.045277	-0.045277	-0.045277	-0.045277	-0.045277	-0.045277	-0.045277	0.038618	0.038618	0.038618	0.038618	0.038618	0.038618	-0.17726	-0.17726	-0.17726	-0.17726	-0.17726	-0.17726	-0.17726	-0.17726	-0.17726	-0.17726	-0.17726	-0.19174	-0.19174	-0.19174	-0.19174	-0.19174	-0.19174	-0.19174	-0.24008	-0.24008	-0.24008	-0.24008	-0.24008	-0.24008	-0.24008	-0.24008	-0.24008	-0.24008	-0.24008	-0.24008	0	0	0	0]';
angle = [0.094248	0.094248	0.094248	0.2594	0.2594	0.2594	1.3569	1.3569	1.3569	1.3569	1.3569	1.3569	1.3569	1.3569	1.3569	0.86294	0.86294	0.86294	0.86294	0.29761	0.29761	0.29761	0.29761	0.29761	0.55994	0.55994	0.55994	0.55994	0.55994	0.51861	0.51861	0.51861	0.51861	0.51861	0.51861	0.51861	0.51861	0.6551	0.6551	0.6551	0.6551	0.6551	0.6551	1.2792	1.2792	1.2792	1.2792	1.2792	1.2792	1.2792	1.2792	1.2792	1.2792	1.2792	0.8877	0.8877	0.8877	0.8877	0.8877	0.8877	0.8877	0.69661	0.69661	0.69661	0.69661	0.69661	0.69661	0.69661	0.69661	0.69661	0.69661	0.69661	0.69661	0.094248	0.094248	0.094248	0.094248]';
traje.time = clocktime;
traje.signals.values = [dirx,diry,dirz,angle];
traje.signals.dimensions = 4;