%Drone 1 waypoints are stored in this trace.m matlab file. Run the code,
%removing the function trace, so that all the waypoints get stored in the
%base workspace, and the variables can be input to SimulinkDroneModel.slx
function trace
t = [0:1:76]';
x = [-2	-2	0.123224066	-7.655177097	-17.85082089	-31.09088442	-40.75309614	-58.10406616	-66.89706884	-68	-68	-68	-66.89706884	-58.10406616	-40.75309614	-31.09088442	-17.85082089	-7.655177097	0.123224066	-2	-2	-2	0.123224066	14.57445049	34.36573708	51.37188639	68.04507758	68	68	68	68.04507758	51.37188639	34.36573708	14.57445049	0.123224066	-2	-2	-2	0.123224066	14.57445049	34.36573708	51.37188639	68.04507758	68	68	68	68.04507758	51.37188639	34.36573708	14.57445049	0.123224066	-2	-2	-2	0.123224066	-7.655177097	-21.85082089	-27.09195264	-30.73766537	-34.53592809	-23.83033046	-9.42314771	-5.466199014	0	0	0	-5.466199014	-9.42314771	-23.83033046	-34.53592809	-30.73766537	-27.09195264	-21.85082089	-7.655177097	0.123224066	-2	-2]';
y = [-2	-2	-3.900794528	-0.931414911	0	-14.4477961	-5.733753792	-1.626530233	-0.080657463	0	0	0	-0.080657463	-1.626530233	-5.733753792	-14.4477961	0	-0.931414911	-3.900794528	-2	-2	-2	-3.900794528	0.21844953	-0.708434209	0.813264791	-2.33209257	0	0	0	-2.33209257	0.813264791	-0.708434209	0.21844953	-3.900794528	-2	-2	-2	-3.900794528	0.21844953	-0.708434209	0.813264791	-2.33209257	0	0	0	-2.33209257	0.813264791	-0.708434209	0.21844953	-3.900794528	-2	-2	-2	-3.900794528	-0.931414911	-4.881717326	-15.94348838	-29.58706341	-44.94850668	-56.08067449	-63.89998476	-66.22617142	-68	-68	-68	-66.22617142	-63.89998476	-56.08067449	-44.94850668	-29.58706341	-15.94348838	-4.881717326	-0.931414911	-3.900794528	-2	-2]';
z = [0	1	1	1	1	1	1	1	1	1	0	1	1	1	1	1	1	1	1	1	0	1	1	1	1	1	1	1	0	1	1	1	1	1	1	1	0	1	1	1	1	1	1	1	0	1	1	1	1	1	1	1	0	1	1	1	1	1	1	1	1	1	1	1	0	1	1	1	1	1	1	1	1	1	1	1	0]';
traja.time = t;
traja.signals.values = [x,y,z];
traja.signals.dimensions = 3;
end




